KDIv2.2
12 259
1 1 -2
1 2 0
2
11 2 1
1 4 1
1 1 0
1 2 0
2
11 2 1
1 4 1
1 1 1
18 35
12 68
1 1 1
1 2 0
2
11 2 1
1 4 1
11 2 1
1 2 3
2
11 2 3
1 2 0
2
11 2 0
20
12 231
1 1 1
1 2 0
2
11 2 1
1 4 1
1 1 0
1 2 0
2
11 2 1
1 4 1
4
1 1 1
1 2 0
2
11 2 1
11 4 1
1 1 0
1 2 0
2
11 2 1
1 4 1
1 1 1
3
1 1 0
1 2 0
2
11 2 1
11 4 1
1 2 0
1 2 3
3
1 2 3
11 2 2
1 2 3
1 1 1
2
1 2 0
1 1 0
2
11 2 1
1 4 1
11 4 3
11 2 3
1 2 3
1 1 1
2
1 2 0
1 1 1
2
11 2 1
1 4 1
11 4 3
11 2 3
1 1 2
1 2 0
2
11 2 1
1 4 1
1 2 2
11 2 0
1 2 2
1 2 3
3
19 15
1 2 3
2
11 2 3
1 2 0
2
11 2 0
20
1 1 -2
1 2 0
2
11 2 1
1 4 1
1 1 0
11 2 0
1 1 2
11 2 3
1 1 1
1 1 0
1 2 0
2
11 2 1
11 4 1
1 1 1
1 2 0
2
11 2 1
7
11 4 1
1 2 0
1 2 3
3
1 2 3
11 2 2
1 2 3
1 1 1
2
1 2 0
1 1 1
2
11 2 1
1 4 1
11 4 3
11 2 3
1 2 3
1 1 1
2
1 2 0
1 1 0
2
11 2 1
1 4 1
11 4 3
11 2 3
1 1 2
1 2 0
2
11 2 1
1 4 1
1 2 2
11 2 0
1 2 2
1 2 3
3
19 15
1 2 1
1 1 0
1 2 0
2
11 2 1
11 4 1
1 1 0
1 2 0
2
11 2 1
1 4 1
6
0
